208
24
43
51
61
76
63
53
32
47
43
39
33
50
34
27
18
38
35
30
39
27
53
25
32
27
37
26
26
25
22
26
34
40
36
50
57
68
69
86
58
76
83
78
49
54
51
37
43
31
40
53
17
19
43
42
34
34
26
36
32
29
12
32
23
12
17
24
19
21
18
15
19
15
7
22
25
13
17
12
7
14
19
11
10
17
36
25
38
43
40
47
41
73
49
39
32
57
41
37
47
33
38
44
24
19
36
33
31
36
22
35
36
22
30
35
25
28
15
24
19
20
20
24
20
20
16
36
22
13
17
17
15
13
16
15
16
24
10
14
25
28
27
48
31
30
37
35
36
28
45
32
32
47
46
32
15
17
33
31
33
36
29
35
28
20
32
22
25
21
50
36
37
39
23
22
27
30
29
27
13
26
20
17
23
34
19
27
22
54
99
86
99
61
82
62
69
38
50
39
38
30
37
27
33
33
26
28
27
