208
16
42
50
67
47
78
71
75
59
47
53
57
56
49
33
32
63
48
62
40
34
49
54
52
56
56
55
62
44
55
53
45
34
40
41
43
41
30
33
25
34
29
43
39
39
42
34
32
29
40
38
17
28
33
31
41
35
33
24
40
34
26
36
33
16
18
31
30
22
24
21
31
26
26
32
26
26
26
21
33
29
24
20
27
26
21
26
21
24
26
28
17
39
30
33
30
31
29
37
22
23
30
17
14
10
31
35
36
23
22
23
23
24
20
24
13
19
21
32
19
20
20
25
27
19
34
26
26
27
25
34
24
29
32
23
24
28
18
28
25
20
27
34
24
32
16
29
30
26
25
24
32
34
34
20
12
10
18
34
35
37
28
31
24
28
29
23
22
19
31
22
21
20
31
30
31
18
25
20
25
24
20
20
21
20
27
27
21
23
18
24
31
23
26
31
27
25
24
28
25
15
24
16
18
16
17
13
12
